{
 "cells": [
  {
   "cell_type": "code",
   "execution_count": 1,
   "id": "df9c279f-c491-4814-974a-046d23da3530",
   "metadata": {},
   "outputs": [],
   "source": [
    "import numpy as np\n",
    "from numpy.linalg import matrix_power\n",
    "from numpy import linalg as LA"
   ]
  },
  {
   "cell_type": "code",
   "execution_count": 2,
   "id": "8f79d880",
   "metadata": {},
   "outputs": [],
   "source": [
    "P2 = np.array(\n",
    "[ [0,0,1,0,0,0],\n",
    "[0,0,1,0,0,0],\n",
    "[0.25,0.25,0,0.25,0.25,0],\n",
    "[0,0,0.5,0,0,0.5],\n",
    "[0,0,0.5,0,0,0.5],\n",
    "[0,0,0,0.5,0.5,0]])"
   ]
  },
  {
   "cell_type": "code",
   "execution_count": 3,
   "id": "0655563c",
   "metadata": {},
   "outputs": [
    {
     "data": {
      "text/plain": [
       "[0.08333333333333333,\n",
       " 0.08333333333333333,\n",
       " 0.3333333333333333,\n",
       " 0.16666666666666666,\n",
       " 0.16666666666666666,\n",
       " 0.16666666666666666]"
      ]
     },
     "execution_count": 3,
     "metadata": {},
     "output_type": "execute_result"
    }
   ],
   "source": [
    "Pi = [1/12, 1/12, 4/12, 2/12, 2/12, 2/12 ]\n",
    "Pi"
   ]
  },
  {
   "cell_type": "code",
   "execution_count": 27,
   "id": "7a7eb4de",
   "metadata": {},
   "outputs": [
    {
     "name": "stdout",
     "output_type": "stream",
     "text": [
      "[0.08333333 0.08333333 0.33333333 0.16666667 0.16666667 0.16666667]\n"
     ]
    }
   ],
   "source": [
    "print(Pi @ matrix_power(P2,103))"
   ]
  },
  {
   "cell_type": "code",
   "execution_count": 19,
   "id": "686b075c",
   "metadata": {},
   "outputs": [
    {
     "name": "stdout",
     "output_type": "stream",
     "text": [
      "[[0.16666667 0.16666667 0.         0.33333333 0.33333333 0.        ]\n",
      " [0.16666667 0.16666667 0.         0.33333333 0.33333333 0.        ]\n",
      " [0.         0.         0.66666667 0.         0.         0.33333333]\n",
      " [0.16666667 0.16666667 0.         0.33333333 0.33333333 0.        ]\n",
      " [0.16666667 0.16666667 0.         0.33333333 0.33333333 0.        ]\n",
      " [0.         0.         0.66666667 0.         0.         0.33333333]]\n",
      "===============\n",
      "[[0.         0.         0.66666667 0.         0.         0.33333333]\n",
      " [0.         0.         0.66666667 0.         0.         0.33333333]\n",
      " [0.16666667 0.16666667 0.         0.33333333 0.33333333 0.        ]\n",
      " [0.         0.         0.66666667 0.         0.         0.33333333]\n",
      " [0.         0.         0.66666667 0.         0.         0.33333333]\n",
      " [0.16666667 0.16666667 0.         0.33333333 0.33333333 0.        ]]\n",
      "===============\n",
      "[[0.16666667 0.16666667 0.         0.33333333 0.33333333 0.        ]\n",
      " [0.16666667 0.16666667 0.         0.33333333 0.33333333 0.        ]\n",
      " [0.         0.         0.66666667 0.         0.         0.33333333]\n",
      " [0.16666667 0.16666667 0.         0.33333333 0.33333333 0.        ]\n",
      " [0.16666667 0.16666667 0.         0.33333333 0.33333333 0.        ]\n",
      " [0.         0.         0.66666667 0.         0.         0.33333333]]\n",
      "===============\n",
      "[[0.         0.         0.66666667 0.         0.         0.33333333]\n",
      " [0.         0.         0.66666667 0.         0.         0.33333333]\n",
      " [0.16666667 0.16666667 0.         0.33333333 0.33333333 0.        ]\n",
      " [0.         0.         0.66666667 0.         0.         0.33333333]\n",
      " [0.         0.         0.66666667 0.         0.         0.33333333]\n",
      " [0.16666667 0.16666667 0.         0.33333333 0.33333333 0.        ]]\n",
      "===============\n"
     ]
    }
   ],
   "source": [
    "for i in range(200,204):\n",
    "    print(matrix_power(P2,i))\n",
    "    print(\"===============\")"
   ]
  },
  {
   "cell_type": "code",
   "execution_count": 3,
   "id": "75144fc3-2f9e-4ba0-a681-239d2f6cefcc",
   "metadata": {},
   "outputs": [
    {
     "name": "stdout",
     "output_type": "stream",
     "text": [
      "P_maze 2-step=\n",
      " [[0.25  0.25  0.    0.25  0.25  0.   ]\n",
      " [0.25  0.25  0.    0.25  0.25  0.   ]\n",
      " [0.    0.    0.75  0.    0.    0.25 ]\n",
      " [0.125 0.125 0.    0.375 0.375 0.   ]\n",
      " [0.125 0.125 0.    0.375 0.375 0.   ]\n",
      " [0.    0.    0.5   0.    0.    0.5  ]]\n",
      "----------------\n",
      "P_maze 3-step=\n",
      " [[0.     0.     0.75   0.     0.     0.25  ]\n",
      " [0.     0.     0.75   0.     0.     0.25  ]\n",
      " [0.1875 0.1875 0.     0.3125 0.3125 0.    ]\n",
      " [0.     0.     0.625  0.     0.     0.375 ]\n",
      " [0.     0.     0.625  0.     0.     0.375 ]\n",
      " [0.125  0.125  0.     0.375  0.375  0.    ]]\n",
      "----------------\n",
      "P_maze 4-step=\n",
      " [[0.1875  0.1875  0.      0.3125  0.3125  0.     ]\n",
      " [0.1875  0.1875  0.      0.3125  0.3125  0.     ]\n",
      " [0.      0.      0.6875  0.      0.      0.3125 ]\n",
      " [0.15625 0.15625 0.      0.34375 0.34375 0.     ]\n",
      " [0.15625 0.15625 0.      0.34375 0.34375 0.     ]\n",
      " [0.      0.      0.625   0.      0.      0.375  ]]\n",
      "----------------\n",
      "P_maze 5-step=\n",
      " [[0.       0.       0.6875   0.       0.       0.3125  ]\n",
      " [0.       0.       0.6875   0.       0.       0.3125  ]\n",
      " [0.171875 0.171875 0.       0.328125 0.328125 0.      ]\n",
      " [0.       0.       0.65625  0.       0.       0.34375 ]\n",
      " [0.       0.       0.65625  0.       0.       0.34375 ]\n",
      " [0.15625  0.15625  0.       0.34375  0.34375  0.      ]]\n",
      "----------------\n",
      "P^51\n",
      " [[0.         0.         0.66666667 0.         0.         0.33333333]\n",
      " [0.         0.         0.66666667 0.         0.         0.33333333]\n",
      " [0.16666667 0.16666667 0.         0.33333333 0.33333333 0.        ]\n",
      " [0.         0.         0.66666667 0.         0.         0.33333333]\n",
      " [0.         0.         0.66666667 0.         0.         0.33333333]\n",
      " [0.16666667 0.16666667 0.         0.33333333 0.33333333 0.        ]]\n",
      "P^52\n",
      " [[0.16666667 0.16666667 0.         0.33333333 0.33333333 0.        ]\n",
      " [0.16666667 0.16666667 0.         0.33333333 0.33333333 0.        ]\n",
      " [0.         0.         0.66666667 0.         0.         0.33333333]\n",
      " [0.16666667 0.16666667 0.         0.33333333 0.33333333 0.        ]\n",
      " [0.16666667 0.16666667 0.         0.33333333 0.33333333 0.        ]\n",
      " [0.         0.         0.66666667 0.         0.         0.33333333]]\n"
     ]
    }
   ],
   "source": [
    "P=np.array(\\\n",
    "  [[0,0,1,0,0,0],\\\n",
    "   [0,0,1,0,0,0],\\\n",
    "   [1/4, 1/4, 0, 1/4,1/4,0],\\\n",
    "   [0, 0, 1/2, 0,0,1/2],\\\n",
    "   [0, 0, 1/2, 0,0,1/2],\\\n",
    "   [0, 0,0, 1/2, 1/2,0]])\n",
    "\n",
    "#print(\"P_maze=\\n\",P)\n",
    "\n",
    "#Matrix of 5-step transitions\n",
    "print(\"P_maze 2-step=\\n\",matrix_power(P,2))\n",
    "print(\"----------------\")\n",
    "print(\"P_maze 3-step=\\n\",matrix_power(P,3))\n",
    "print(\"----------------\")\n",
    "print(\"P_maze 4-step=\\n\",matrix_power(P,4))\n",
    "print(\"----------------\")\n",
    "print(\"P_maze 5-step=\\n\",matrix_power(P,5))\n",
    "print(\"----------------\")\n",
    "#If the rat starts uniformely in any room, \n",
    "#find the probability of the rat being in room 6 at time 10.\n",
    "\n",
    "#pi_0=[1/6,1/6,1/6,1/6,1/6,1/6]\n",
    "#pi_10=pi_0 @ matrix_power(P,10)\n",
    "#print(\"pi_10\",pi_10)\n",
    "\n",
    "#print(\"P^5\\n\",matrix_power(P,5))\n",
    "#print(\"P^10\\n\",matrix_power(P,10))\n",
    "#print(\"P^50\\n\",matrix_power(P,50))\n",
    "print(\"P^51\\n\",matrix_power(P,51))\n",
    "print(\"P^52\\n\",matrix_power(P,52))"
   ]
  },
  {
   "cell_type": "code",
   "execution_count": null,
   "id": "88f23893",
   "metadata": {},
   "outputs": [],
   "source": []
  },
  {
   "cell_type": "code",
   "execution_count": null,
   "id": "90033120",
   "metadata": {},
   "outputs": [],
   "source": []
  },
  {
   "cell_type": "code",
   "execution_count": 11,
   "id": "1fc3c2b0",
   "metadata": {},
   "outputs": [
    {
     "name": "stdout",
     "output_type": "stream",
     "text": [
      "[0.         0.         0.66666667 0.         0.         0.33333333]\n"
     ]
    }
   ],
   "source": [
    "pi0 = [ 1,0,0,0,0,0]\n",
    "result = pi0 @ matrix_power(P,101)\n",
    "print(result)"
   ]
  },
  {
   "cell_type": "code",
   "execution_count": 18,
   "id": "37acc380-8e72-450d-ada5-b76ae80a3f18",
   "metadata": {},
   "outputs": [
    {
     "name": "stdout",
     "output_type": "stream",
     "text": [
      "P^2\n",
      " [[0.   0.61 0.15 0.24]\n",
      " [0.   0.44 0.4  0.16]\n",
      " [0.   0.2  0.   0.8 ]\n",
      " [0.   0.6  0.   0.4 ]]\n",
      "[0.         0.33333333 0.15       0.18333333]\n",
      "P^3\n",
      " [[0.    0.392 0.12  0.488]\n",
      " [0.    0.568 0.08  0.352]\n",
      " [0.    0.44  0.4   0.16 ]\n",
      " [0.    0.32  0.2   0.48 ]]\n",
      "P^5\n",
      " [[0.      0.48928 0.1568  0.35392]\n",
      " [0.      0.47712 0.2272  0.29568]\n",
      " [0.      0.3696  0.176   0.4544 ]\n",
      " [0.      0.4688  0.128   0.4032 ]]\n",
      "P^10\n",
      " [[0.         0.45731625 0.18406298 0.35862077]\n",
      " [0.         0.4502314  0.1862359  0.3635327 ]\n",
      " [0.         0.45441587 0.17311232 0.37247181]\n",
      " [0.         0.46000282 0.18064896 0.35934822]]\n",
      "P^15\n",
      " [[0.         0.45434582 0.18220079 0.36345338]\n",
      " [0.         0.45407132 0.18160228 0.3643264 ]\n",
      " [0.         0.455408   0.18138745 0.36320456]\n",
      " [0.         0.45470685 0.18230343 0.36298972]]\n",
      "P^16\n",
      " [[0.         0.45479665 0.18172669 0.36347666]\n",
      " [0.         0.45457974 0.1821632  0.36325706]\n",
      " [0.         0.45407132 0.18160228 0.3643264 ]\n",
      " [0.         0.45473966 0.18149486 0.36376548]]\n",
      "P^50\n",
      " [[0.         0.45454545 0.18181818 0.36363636]\n",
      " [0.         0.45454545 0.18181818 0.36363636]\n",
      " [0.         0.45454545 0.18181818 0.36363636]\n",
      " [0.         0.45454545 0.18181818 0.36363636]]\n",
      "P^51\n",
      " [[0.         0.45454545 0.18181818 0.36363636]\n",
      " [0.         0.45454545 0.18181818 0.36363636]\n",
      " [0.         0.45454545 0.18181818 0.36363636]\n",
      " [0.         0.45454545 0.18181818 0.36363636]]\n"
     ]
    }
   ],
   "source": [
    "P=[[0,0.3,0.4,0.3],\\\n",
    "   [0, 0.2, 0,0.8],\\\n",
    "   [0, 1, 0, 0],\\\n",
    "   [0, 0.5, 0.5,0]]\n",
    "\n",
    "P=np.array(P)\n",
    "\n",
    "print(\"P^2\\n\",matrix_power(P,2))\n",
    "Pi0 = [ 1/6, 1/6, 1/6, 1/6 ]\n",
    "print(Pi0 @ matrix_power(P,1))\n",
    "print(\"P^3\\n\",matrix_power(P,3))\n",
    "print(\"P^5\\n\",matrix_power(P,5))\n",
    "print(\"P^10\\n\",matrix_power(P,10))\n",
    "print(\"P^15\\n\",matrix_power(P,15))\n",
    "print(\"P^16\\n\",matrix_power(P,16))\n",
    "print(\"P^50\\n\",matrix_power(P,50))\n",
    "print(\"P^51\\n\",matrix_power(P,51))"
   ]
  },
  {
   "cell_type": "code",
   "execution_count": 2,
   "id": "6324e674-65e1-49df-a3d0-424bc4b38013",
   "metadata": {},
   "outputs": [
    {
     "name": "stdout",
     "output_type": "stream",
     "text": [
      "P^3\n",
      " [[6.24950000e-01 3.74975500e-01 2.50000000e-05 4.95000000e-05]\n",
      " [7.49876005e-01 2.49975000e-01 5.09851000e-05 9.80100000e-05]\n",
      " [4.99950000e-03 5.09851000e-03 9.80100000e-03 9.80100990e-01]\n",
      " [9.99900000e-05 9.90000000e-05 9.90001000e-03 9.89901000e-01]]\n",
      "P^5\n",
      " [[6.56150504e-01 3.43706881e-01 3.19850750e-05 1.10630075e-04]\n",
      " [6.87345021e-01 3.12444262e-01 3.89689027e-05 1.71747922e-04]\n",
      " [6.39637530e-03 3.89689027e-03 9.80028948e-03 9.79906445e-01]\n",
      " [2.23472750e-04 1.73482749e-04 9.89804490e-03 9.89705000e-01]]\n",
      "P^10\n",
      " [[6.66778926e-01 3.32912830e-01 3.57893875e-05 2.72454441e-04]\n",
      " [6.65759077e-01 3.33866812e-01 3.62422673e-05 3.37868339e-04]\n",
      " [7.15716172e-03 3.62422673e-03 9.79556011e-03 9.79423051e-01]\n",
      " [5.50357970e-04 3.41281151e-04 9.89316214e-03 9.89215199e-01]]\n",
      "P^15\n",
      " [[6.66333594e-01 3.33193395e-01 3.73477343e-05 4.35662662e-04]\n",
      " [6.66320152e-01 3.33140946e-01 3.80041980e-05 5.00897923e-04]\n",
      " [7.46879990e-03 3.80041980e-03 9.79074282e-03 9.78940037e-01]\n",
      " [8.80038578e-04 5.05957498e-04 9.88828321e-03 9.88725721e-01]]\n",
      "P^16\n",
      " [[6.66326873e-01 3.33167171e-01 3.76759662e-05 4.68280293e-04]\n",
      " [6.66267708e-01 3.33160456e-01 3.83230738e-05 5.33513100e-04]\n",
      " [7.53443971e-03 3.83230738e-03 9.78978042e-03 9.78843472e-01]\n",
      " [9.45926191e-04 5.38902121e-04 9.88730780e-03 9.88627864e-01]]\n",
      "P^50\n",
      " [[6.65576725e-01 3.32799779e-01 4.87042507e-05 1.57479155e-03]\n",
      " [6.65532999e-01 3.32777920e-01 4.93515361e-05 1.63973013e-03]\n",
      " [9.73987606e-03 4.93515361e-03 9.75713001e-03 9.75567840e-01]\n",
      " [3.18107893e-03 1.65629306e-03 9.85422061e-03 9.85308407e-01]]\n",
      "P^51\n",
      " [[6.65554862e-01 3.32788850e-01 4.90278934e-05 1.60726084e-03]\n",
      " [6.65511141e-01 3.32766993e-01 4.96750933e-05 1.67219085e-03]\n",
      " [9.80459813e-03 4.96750933e-03 9.75617192e-03 9.75471721e-01]\n",
      " [3.24666690e-03 1.68908167e-03 9.85324970e-03 9.85211002e-01]]\n",
      "P^500\n",
      " [[6.56024242e-01 3.28024322e-01 1.90110710e-04 1.57613252e-02]\n",
      " [6.55983038e-01 3.28003723e-01 1.90720658e-04 1.58225179e-02]\n",
      " [3.80183399e-02 1.90720658e-02 9.33852076e-03 9.33571074e-01]\n",
      " [3.18378769e-02 1.59823413e-02 9.43001084e-03 9.42749771e-01]]\n",
      "P^5000\n",
      " [[0.58611994 0.2930779  0.00122491 0.11957725]\n",
      " [0.58609719 0.29306653 0.00122525 0.11961103]\n",
      " [0.24495789 0.12252487 0.00627517 0.62624207]\n",
      " [0.24154605 0.12081922 0.00632568 0.63130905]]\n",
      "P^50000\n",
      " [[0.50020142 0.25012569 0.00249677 0.24717612]\n",
      " [0.50020136 0.25012566 0.00249677 0.24717621]\n",
      " [0.49930473 0.24967742 0.00251005 0.2485078 ]\n",
      " [0.49929576 0.24967294 0.00251018 0.24852112]]\n",
      "P^500000\n",
      " [[0.499975   0.2500125  0.00250013 0.24751238]\n",
      " [0.499975   0.2500125  0.00250013 0.24751238]\n",
      " [0.499975   0.2500125  0.00250013 0.24751238]\n",
      " [0.499975   0.2500125  0.00250013 0.24751238]]\n"
     ]
    }
   ],
   "source": [
    "P=[[.5,.5,0,0],\\\n",
    "   [.9999,0, .0001,0],\\\n",
    "   [0, 0.01, 0, 0.99],\\\n",
    "   [0, 0, 0.01,0.99]]\n",
    "\n",
    "print(\"P^3\\n\",matrix_power(P,3))\n",
    "print(\"P^5\\n\",matrix_power(P,5))\n",
    "print(\"P^10\\n\",matrix_power(P,10))\n",
    "print(\"P^15\\n\",matrix_power(P,15))\n",
    "print(\"P^16\\n\",matrix_power(P,16))\n",
    "print(\"P^50\\n\",matrix_power(P,50))\n",
    "print(\"P^51\\n\",matrix_power(P,51))\n",
    "print(\"P^500\\n\",matrix_power(P,500))\n",
    "print(\"P^5000\\n\",matrix_power(P,5000))\n",
    "print(\"P^50000\\n\",matrix_power(P,50000))\n",
    "print(\"P^500000\\n\",matrix_power(P,500000))"
   ]
  },
  {
   "cell_type": "code",
   "execution_count": 2,
   "id": "f4836167-3ac8-4688-ada2-14b830264c92",
   "metadata": {},
   "outputs": [],
   "source": [
    "P=[[0,1,0 ],\\\n",
    "   [0,0,1],\\\n",
    "   [1,0,0] ]"
   ]
  },
  {
   "cell_type": "code",
   "execution_count": 5,
   "id": "f5595853",
   "metadata": {},
   "outputs": [
    {
     "name": "stdout",
     "output_type": "stream",
     "text": [
      "P^2\n",
      " [[0 0 1]\n",
      " [1 0 0]\n",
      " [0 1 0]]\n",
      "P^3\n",
      " [[1 0 0]\n",
      " [0 1 0]\n",
      " [0 0 1]]\n",
      "P^4\n",
      " [[0 1 0]\n",
      " [0 0 1]\n",
      " [1 0 0]]\n",
      "P^5\n",
      " [[0 0 1]\n",
      " [1 0 0]\n",
      " [0 1 0]]\n",
      "P^6\n",
      " [[1 0 0]\n",
      " [0 1 0]\n",
      " [0 0 1]]\n",
      "P^7\n",
      " [[0 1 0]\n",
      " [0 0 1]\n",
      " [1 0 0]]\n"
     ]
    }
   ],
   "source": [
    "print(\"P^2\\n\",matrix_power(P,2))\n",
    "print(\"P^3\\n\",matrix_power(P,3))\n",
    "print(\"P^4\\n\",matrix_power(P,4))\n",
    "print(\"P^5\\n\",matrix_power(P,5))\n",
    "print(\"P^6\\n\",matrix_power(P,6))\n",
    "print(\"P^7\\n\",matrix_power(P,7))"
   ]
  }
 ],
 "metadata": {
  "kernelspec": {
   "display_name": "Python 3 (ipykernel)",
   "language": "python",
   "name": "python3"
  },
  "language_info": {
   "codemirror_mode": {
    "name": "ipython",
    "version": 3
   },
   "file_extension": ".py",
   "mimetype": "text/x-python",
   "name": "python",
   "nbconvert_exporter": "python",
   "pygments_lexer": "ipython3",
   "version": "3.9.7"
  }
 },
 "nbformat": 4,
 "nbformat_minor": 5
}
